[[], [64, 64, 16, 49, 33, 64, 64, 17, 52, 51], [64, 63, 34, 36, 20, 64, 64, 17, 38, 23], [64, 63, 16, 31, 16, 64, 64, 18, 30, 16], [54, 62, 16, 24, 16, 54, 56, 18, 29, 16], [30, 39, 16, 22, 16, 44, 48, 17, 24, 16], [38, 50, 18, 16, 16, 37, 49, 16, 19, 16], [24, 37, 16, 16, 16, 35, 38, 16, 21, 16], [25, 47, 17, 16, 16, 25, 42, 18, 16, 16], [16]]
[[], [64, 63, 18, 47, 36, 64, 64, 17, 55, 44], [64, 64, 40, 32, 17, 64, 64, 18, 42, 21], [64, 63, 17, 29, 16, 64, 64, 17, 34, 16], [61, 63, 16, 24, 16, 64, 64, 17, 24, 16], [36, 46, 17, 16, 16, 51, 53, 18, 19, 16], [39, 50, 16, 16, 16, 42, 47, 16, 19, 16], [25, 30, 16, 16, 16, 33, 37, 18, 16, 16], [28, 41, 16, 16, 16, 30, 50, 16, 16, 16], [16]]
[[], [64, 63, 18, 61, 41, 64, 64, 17, 57, 57], [64, 64, 40, 34, 16, 64, 63, 16, 31, 19], [64, 64, 18, 23, 16, 64, 64, 16, 27, 20], [59, 63, 16, 26, 16, 64, 62, 16, 25, 17], [35, 36, 16, 17, 16, 58, 64, 17, 16, 16], [38, 50, 16, 16, 16, 45, 57, 16, 16, 16], [22, 29, 16, 16, 16, 34, 39, 16, 16, 16], [24, 45, 16, 16, 16, 30, 45, 18, 16, 16], [16]]
[[], [64, 64, 17, 57, 35, 64, 64, 16, 62, 54], [64, 63, 39, 31, 23, 64, 63, 16, 45, 24], [63, 64, 16, 21, 16, 64, 63, 16, 30, 16], [63, 63, 16, 19, 16, 64, 62, 22, 16, 16], [33, 37, 18, 16, 16, 58, 64, 18, 16, 16], [39, 54, 16, 16, 16, 44, 57, 16, 16, 16], [25, 34, 16, 16, 16, 30, 38, 16, 16, 16], [24, 47, 16, 16, 16, 31, 44, 18, 16, 16], [16]]
[[], [64, 64, 17, 55, 40, 64, 63, 16, 61, 52], [64, 63, 39, 41, 22, 64, 63, 17, 44, 23], [64, 64, 16, 29, 16, 64, 63, 16, 22, 20], [63, 64, 18, 16, 16, 61, 58, 20, 16, 16], [33, 41, 16, 16, 16, 63, 62, 16, 16, 16], [37, 51, 16, 16, 16, 41, 57, 16, 16, 16], [24, 27, 16, 16, 16, 31, 37, 16, 16, 16], [24, 52, 17, 16, 16, 31, 39, 17, 16, 16], [16]]
[[], [64, 63, 16, 54, 40, 64, 64, 16, 60, 49], [64, 63, 33, 37, 20, 64, 63, 17, 34, 29], [64, 63, 16, 31, 19, 61, 63, 16, 37, 18], [62, 64, 17, 25, 18, 62, 61, 22, 25, 19], [34, 42, 18, 17, 16, 57, 62, 18, 16, 16], [31, 47, 16, 16, 16, 42, 51, 16, 16, 16], [23, 26, 16, 16, 16, 30, 34, 16, 16, 16], [23, 46, 17, 16, 16, 25, 38, 16, 16, 16], [16]]
[[], [64, 64, 18, 56, 29, 64, 64, 16, 62, 51], [64, 63, 35, 34, 20, 64, 63, 17, 40, 27], [60, 64, 18, 30, 20, 64, 64, 16, 36, 18], [64, 64, 17, 24, 18, 64, 61, 19, 21, 20], [31, 41, 17, 19, 18, 64, 63, 17, 20, 19], [37, 55, 16, 16, 16, 39, 52, 18, 16, 16], [20, 23, 16, 16, 16, 32, 34, 17, 16, 16], [25, 45, 17, 16, 16, 22, 37, 16, 16, 16], [16]]
[[], [64, 64, 17, 54, 36, 64, 64, 18, 58, 50], [64, 63, 35, 37, 24, 64, 63, 17, 42, 24], [64, 63, 17, 30, 20, 64, 64, 18, 33, 23], [62, 64, 16, 23, 18, 60, 64, 24, 24, 17], [32, 40, 17, 18, 18, 63, 60, 16, 17, 19], [38, 53, 16, 20, 18, 41, 56, 16, 19, 16], [21, 22, 18, 16, 16, 22, 33, 16, 16, 16], [24, 42, 17, 16, 16, 23, 34, 16, 16, 16], [16]]
[[], [64, 64, 17, 54, 32, 64, 64, 17, 63, 49], [64, 63, 32, 32, 22, 64, 64, 17, 42, 26], [64, 63, 16, 22, 20, 64, 63, 17, 29, 20], [61, 64, 16, 21, 16, 61, 60, 21, 21, 17], [37, 39, 16, 18, 18, 61, 63, 16, 17, 17], [42, 51, 16, 19, 16, 39, 58, 16, 16, 18], [23, 23, 17, 16, 17, 28, 40, 16, 16, 17], [22, 46, 18, 16, 18, 26, 36, 16, 16, 16], [16]]
[[], [64, 63, 16, 53, 38, 64, 63, 17, 59, 49], [64, 64, 34, 33, 25, 64, 64, 17, 42, 22], [64, 64, 16, 18, 21, 64, 64, 17, 27, 19], [64, 63, 16, 19, 17, 64, 60, 23, 23, 17], [37, 36, 16, 16, 18, 61, 63, 18, 17, 16], [35, 52, 16, 18, 16, 42, 60, 16, 16, 16], [23, 27, 16, 16, 16, 24, 36, 18, 17, 18], [28, 48, 17, 18, 18, 25, 38, 17, 16, 17], [16]]
[[], [64, 64, 16, 49, 33, 64, 64, 16, 61, 47], [64, 64, 28, 26, 21, 64, 64, 17, 42, 27], [61, 63, 16, 21, 20, 64, 64, 16, 33, 24], [64, 64, 16, 21, 16, 62, 63, 25, 24, 18], [36, 44, 16, 17, 17, 61, 63, 17, 16, 18], [36, 53, 18, 19, 17, 44, 57, 16, 18, 18], [21, 20, 16, 17, 17, 32, 35, 16, 16, 16], [25, 47, 18, 16, 18, 27, 30, 16, 17, 17], [16]]
[[], [64, 64, 16, 49, 39, 64, 64, 16, 57, 48], [64, 63, 30, 33, 24, 64, 63, 19, 35, 21], [64, 64, 16, 18, 20, 64, 63, 16, 31, 23], [64, 64, 16, 18, 17, 61, 61, 22, 18, 18], [36, 41, 16, 17, 16, 61, 60, 16, 20, 16], [37, 51, 16, 16, 17, 45, 59, 16, 16, 18], [23, 24, 16, 16, 17, 29, 34, 16, 17, 16], [29, 49, 18, 18, 16, 26, 35, 16, 17, 16], [16]]
[[], [64, 63, 18, 54, 34, 64, 63, 16, 62, 44], [64, 64, 32, 33, 20, 64, 64, 19, 30, 25], [63, 64, 18, 24, 20, 64, 64, 16, 26, 21], [63, 63, 16, 19, 18, 64, 61, 24, 19, 18], [33, 41, 16, 17, 18, 61, 63, 18, 18, 17], [37, 55, 16, 16, 16, 46, 56, 16, 18, 17], [24, 20, 18, 17, 16, 25, 39, 18, 18, 16], [31, 51, 18, 16, 17, 28, 32, 16, 16, 16], [16]]
[[], [64, 64, 18, 52, 30, 64, 64, 16, 62, 46], [64, 63, 34, 28, 24, 64, 63, 19, 36, 28], [64, 63, 17, 23, 19, 64, 63, 16, 31, 20], [63, 63, 16, 19, 16, 62, 61, 21, 20, 19], [33, 41, 16, 16, 17, 62, 60, 17, 19, 18], [35, 48, 16, 17, 16, 48, 58, 18, 17, 16], [25, 19, 16, 17, 16, 23, 33, 16, 17, 16], [32, 56, 17, 17, 16, 27, 29, 18, 17, 16], [16]]
[[], [64, 63, 17, 50, 42, 64, 64, 16, 57, 46], [64, 64, 31, 36, 22, 64, 63, 16, 35, 24], [64, 64, 16, 19, 19, 64, 64, 18, 27, 24], [63, 64, 16, 20, 16, 62, 64, 23, 20, 18], [36, 49, 16, 18, 18, 61, 63, 16, 16, 20], [38, 55, 16, 17, 18, 42, 55, 17, 17, 17], [19, 16, 16, 17, 18, 21, 33, 16, 16, 17], [26, 50, 17, 16, 17, 29, 29, 17, 17, 17], [16]]
[[], [64, 64, 17, 48, 41, 64, 64, 19, 60, 47], [64, 63, 33, 31, 19, 64, 64, 18, 37, 27], [64, 64, 16, 17, 18, 64, 64, 18, 30, 23], [62, 63, 18, 19, 17, 61, 59, 28, 18, 19], [36, 38, 16, 16, 16, 61, 63, 16, 17, 17], [37, 51, 16, 18, 17, 39, 52, 16, 16, 16], [18, 21, 16, 16, 17, 25, 39, 16, 17, 17], [31, 52, 17, 17, 17, 27, 35, 16, 16, 17], [16]]
[[], [64, 63, 16, 55, 30, 64, 64, 18, 64, 39], [64, 64, 33, 32, 23, 64, 64, 21, 36, 25], [64, 63, 16, 22, 18, 64, 63, 17, 27, 22], [64, 64, 18, 19, 18, 61, 62, 22, 17, 19], [35, 41, 16, 17, 17, 62, 63, 18, 17, 18], [33, 50, 16, 18, 16, 44, 57, 16, 16, 18], [18, 18, 16, 18, 17, 26, 31, 17, 16, 16], [24, 49, 17, 17, 18, 25, 33, 16, 16, 17], [16]]
[[], [64, 64, 16, 54, 36, 64, 64, 18, 60, 41], [64, 64, 32, 27, 21, 64, 64, 18, 37, 28], [64, 64, 16, 20, 18, 64, 64, 17, 31, 20], [64, 64, 17, 19, 18, 64, 62, 24, 17, 16], [34, 41, 16, 18, 16, 61, 63, 18, 18, 16], [33, 44, 16, 17, 17, 41, 54, 16, 17, 16], [20, 18, 18, 18, 16, 22, 32, 16, 18, 17], [29, 51, 16, 17, 17, 26, 28, 16, 16, 16], [16]]
[[], [64, 64, 16, 52, 33, 64, 64, 18, 64, 44], [64, 63, 34, 26, 24, 64, 64, 20, 37, 26], [63, 64, 16, 18, 17, 64, 63, 17, 26, 20], [64, 63, 17, 18, 16, 63, 60, 21, 16, 19], [33, 44, 16, 18, 17, 61, 63, 17, 17, 16], [35, 54, 18, 17, 16, 42, 54, 16, 18, 17], [20, 18, 16, 16, 16, 22, 35, 16, 18, 16], [31, 45, 16, 16, 17, 23, 21, 16, 17, 16], [16]]
[[], [64, 64, 16, 52, 33, 64, 64, 18, 59, 46], [64, 64, 31, 29, 23, 64, 64, 20, 35, 24], [64, 63, 16, 21, 18, 64, 64, 16, 29, 19], [64, 64, 17, 16, 16, 63, 63, 23, 18, 16], [36, 39, 16, 18, 17, 61, 61, 16, 17, 17], [33, 48, 16, 16, 17, 42, 54, 16, 16, 18], [19, 16, 16, 16, 17, 27, 36, 16, 17, 18], [28, 53, 16, 17, 17, 23, 30, 16, 17, 16], [16]]
[[], [64, 64, 16, 47, 32, 64, 64, 17, 63, 47], [64, 64, 33, 30, 22, 64, 63, 17, 36, 29], [64, 63, 18, 18, 18, 64, 63, 16, 25, 23], [64, 64, 17, 19, 17, 61, 58, 20, 16, 16], [34, 42, 18, 17, 16, 64, 61, 16, 16, 17], [34, 50, 16, 16, 18, 42, 54, 16, 17, 16], [17, 19, 16, 18, 16, 22, 29, 16, 16, 16], [32, 53, 16, 16, 16, 23, 23, 18, 18, 16], [16]]
[[], [64, 64, 18, 47, 30, 64, 63, 17, 60, 44], [64, 63, 30, 32, 19, 64, 64, 17, 34, 27], [63, 64, 18, 21, 17, 64, 64, 16, 27, 23], [64, 63, 17, 18, 17, 64, 61, 22, 19, 16], [33, 45, 18, 17, 16, 61, 64, 18, 19, 18], [29, 47, 16, 17, 16, 42, 54, 16, 17, 17], [16, 17, 16, 17, 17, 20, 33, 16, 16, 17], [29, 47, 16, 16, 16, 22, 27, 17, 17, 16], [16]]
[[], [64, 64, 18, 53, 31, 64, 64, 17, 63, 46], [64, 64, 35, 24, 24, 64, 64, 19, 35, 25], [63, 63, 17, 16, 16, 64, 64, 16, 19, 21], [64, 63, 16, 16, 17, 64, 64, 22, 17, 16], [35, 43, 18, 17, 16, 62, 64, 18, 17, 18], [36, 52, 16, 18, 17, 41, 54, 16, 17, 17], [17, 18, 16, 16, 16, 21, 34, 16, 16, 16], [31, 52, 16, 17, 17, 25, 28, 16, 17, 16], [16]]
[[], [64, 64, 18, 52, 30, 64, 64, 17, 61, 38], [64, 64, 32, 26, 22, 64, 64, 19, 35, 25], [64, 63, 17, 20, 17, 64, 64, 16, 22, 21], [61, 64, 16, 18, 18, 62, 59, 24, 19, 16], [34, 41, 17, 16, 17, 61, 62, 17, 16, 16], [34, 49, 16, 16, 18, 44, 57, 16, 17, 16], [18, 16, 18, 17, 17, 25, 33, 16, 17, 16], [28, 49, 16, 16, 17, 24, 30, 16, 16, 16], [16]]
[[], [64, 64, 18, 52, 31, 64, 64, 17, 58, 43], [64, 63, 34, 29, 21, 64, 63, 21, 36, 20], [64, 64, 16, 21, 17, 64, 64, 18, 26, 20], [61, 63, 16, 17, 18, 64, 60, 21, 17, 17], [39, 50, 17, 18, 17, 64, 62, 17, 18, 16], [35, 49, 16, 16, 16, 40, 49, 18, 17, 16], [16, 18, 16, 16, 16, 22, 32, 16, 16, 17], [29, 46, 16, 16, 16, 19, 23, 16, 17, 17], [16]]
[[], [64, 64, 18, 51, 31, 64, 64, 16, 64, 37], [64, 63, 31, 28, 21, 64, 64, 21, 35, 28], [62, 63, 16, 16, 16, 64, 63, 18, 26, 20], [63, 63, 16, 18, 18, 63, 60, 23, 18, 16], [34, 40, 16, 17, 17, 63, 60, 16, 17, 16], [35, 46, 16, 16, 16, 39, 55, 18, 16, 16], [16, 16, 16, 16, 17, 22, 31, 16, 16, 16], [30, 54, 16, 16, 17, 21, 25, 16, 16, 16], [16]]
[[], [64, 64, 17, 48, 32, 64, 64, 16, 61, 44], [64, 64, 33, 29, 19, 64, 64, 21, 35, 27], [64, 63, 16, 18, 16, 64, 64, 18, 19, 18], [64, 64, 16, 16, 18, 62, 63, 20, 17, 16], [35, 40, 16, 16, 16, 62, 63, 16, 18, 17], [35, 49, 16, 16, 17, 45, 55, 17, 18, 16], [16, 18, 16, 17, 17, 18, 30, 16, 16, 16], [23, 43, 16, 17, 16, 23, 24, 16, 16, 16], [16]]
[[], [64, 64, 17, 47, 34, 64, 64, 16, 60, 37], [64, 64, 30, 29, 20, 64, 64, 18, 34, 27], [64, 64, 16, 20, 17, 64, 64, 17, 22, 18], [64, 64, 16, 17, 16, 61, 61, 25, 18, 16], [37, 41, 16, 17, 16, 61, 63, 16, 16, 17], [31, 46, 16, 18, 17, 41, 58, 16, 17, 17], [16, 17, 16, 17, 16, 18, 29, 16, 16, 17], [25, 48, 16, 16, 17, 25, 23, 16, 17, 17], [16]]
[[], [64, 64, 17, 46, 36, 64, 64, 17, 57, 45], [64, 63, 30, 23, 18, 64, 63, 18, 34, 27], [64, 64, 16, 21, 17, 64, 63, 17, 23, 19], [61, 63, 16, 18, 16, 63, 64, 22, 19, 17], [31, 47, 16, 16, 16, 60, 61, 18, 17, 16], [31, 49, 16, 17, 18, 39, 56, 16, 16, 17], [16, 16, 16, 17, 17, 18, 26, 16, 16, 17], [26, 53, 16, 16, 16, 23, 28, 16, 16, 16], [16]]
[[], [64, 64, 17, 44, 26, 64, 64, 16, 62, 40], [64, 64, 32, 22, 23, 64, 64, 20, 32, 27], [62, 63, 16, 21, 17, 64, 64, 17, 24, 18], [63, 64, 16, 19, 16, 62, 62, 19, 19, 17], [32, 42, 16, 17, 16, 62, 64, 18, 18, 18], [30, 49, 16, 16, 16, 45, 59, 16, 17, 17], [16, 18, 16, 17, 17, 21, 28, 16, 17, 17], [26, 50, 16, 16, 16, 24, 17, 16, 16, 16], [16]]
[[], [64, 63, 17, 46, 30, 64, 63, 17, 60, 35], [64, 63, 29, 23, 16, 64, 64, 20, 34, 26], [64, 64, 16, 17, 17, 64, 64, 16, 26, 18], [64, 64, 16, 17, 16, 64, 62, 21, 17, 16], [37, 46, 16, 18, 16, 64, 62, 18, 16, 17], [33, 47, 16, 16, 16, 37, 54, 16, 16, 18], [18, 16, 16, 17, 16, 16, 30, 17, 17, 16], [28, 47, 16, 16, 16, 28, 24, 16, 16, 16], [16]]
[[], [64, 64, 17, 41, 31, 64, 64, 17, 59, 41], [64, 64, 34, 24, 24, 64, 64, 17, 34, 26], [64, 63, 16, 18, 16, 64, 63, 16, 26, 18], [64, 63, 16, 17, 16, 63, 60, 21, 18, 16], [38, 44, 16, 16, 16, 63, 60, 17, 17, 18], [32, 47, 16, 17, 16, 43, 63, 16, 17, 16], [17, 16, 18, 17, 16, 19, 27, 16, 16, 16], [25, 44, 16, 17, 16, 18, 29, 16, 17, 16], [16]]
[[], [64, 64, 17, 39, 33, 64, 64, 17, 57, 38], [64, 64, 31, 26, 16, 64, 63, 17, 33, 25], [64, 63, 16, 19, 17, 64, 64, 16, 19, 17], [64, 63, 18, 18, 16, 64, 63, 18, 19, 17], [39, 50, 16, 17, 17, 57, 63, 17, 18, 18], [31, 50, 16, 16, 16, 41, 47, 16, 16, 16], [16, 18, 17, 16, 16, 21, 29, 16, 16, 16], [25, 52, 18, 17, 17, 22, 23, 18, 17, 16], [16]]
[[], [64, 64, 16, 42, 28, 64, 64, 17, 55, 34], [64, 63, 31, 25, 23, 64, 64, 22, 33, 27], [63, 64, 18, 19, 16, 64, 64, 16, 17, 16], [62, 64, 18, 16, 16, 63, 61, 23, 16, 17], [37, 40, 16, 17, 17, 63, 61, 17, 16, 18], [30, 48, 16, 17, 16, 43, 53, 16, 17, 16], [18, 17, 16, 16, 17, 19, 29, 16, 17, 16], [26, 52, 18, 17, 16, 22, 23, 17, 17, 16], [16]]
[[], [64, 64, 16, 41, 30, 64, 64, 17, 53, 39], [64, 63, 33, 26, 23, 64, 64, 19, 34, 27], [64, 64, 18, 20, 17, 64, 63, 16, 21, 17], [64, 64, 18, 16, 16, 64, 64, 20, 17, 17], [35, 46, 16, 16, 17, 61, 64, 16, 16, 18], [29, 48, 16, 16, 17, 37, 48, 16, 16, 16], [16, 16, 16, 17, 17, 18, 26, 16, 16, 16], [23, 46, 17, 16, 16, 19, 25, 17, 16, 16], [16]]
[[], [64, 64, 16, 49, 32, 64, 64, 17, 54, 38], [64, 63, 30, 26, 23, 64, 64, 19, 34, 26], [60, 63, 18, 21, 17, 64, 63, 16, 22, 18], [64, 63, 18, 17, 16, 64, 62, 25, 18, 17], [32, 39, 16, 17, 17, 60, 59, 16, 17, 18], [28, 46, 16, 17, 17, 31, 46, 16, 16, 16], [18, 16, 16, 17, 17, 16, 31, 16, 17, 17], [24, 41, 17, 17, 17, 18, 20, 16, 16, 16], [16]]
[[], [64, 63, 16, 49, 24, 64, 64, 17, 60, 40], [64, 64, 35, 26, 22, 64, 64, 19, 34, 17], [62, 64, 18, 16, 17, 64, 64, 16, 21, 16], [61, 64, 18, 17, 16, 62, 60, 22, 17, 18], [37, 45, 16, 17, 17, 62, 62, 16, 18, 16], [30, 49, 16, 17, 17, 42, 57, 16, 17, 16], [17, 16, 16, 16, 16, 17, 31, 16, 16, 17], [24, 46, 17, 17, 17, 18, 22, 16, 16, 16], [16]]
[[], [64, 63, 16, 50, 28, 64, 64, 17, 59, 37], [64, 64, 32, 27, 21, 64, 64, 19, 35, 20], [64, 64, 18, 17, 18, 64, 64, 16, 22, 17], [64, 64, 18, 17, 16, 64, 63, 19, 18, 17], [35, 43, 16, 17, 17, 56, 60, 16, 18, 18], [29, 47, 16, 16, 17, 36, 52, 16, 18, 16], [17, 18, 16, 17, 16, 19, 25, 16, 17, 17], [24, 41, 16, 16, 16, 18, 22, 16, 16, 16], [16]]